[gd_scene load_steps=5 format=3 uid="uid://bbvm5w8b7e8fx"]

[ext_resource type="Script" uid="uid://4lf5h3qnmt7k" path="res://scripts/TrackCurve.cs" id="1_mspuv"]
[ext_resource type="PackedScene" uid="uid://tlpuivlwjbos" path="res://assets/kv1 track.fbx" id="2_lbhwl"]
[ext_resource type="Script" uid="uid://gaimc0qqha4m" path="res://scripts/MovementController.cs" id="3_lbhwl"]
[ext_resource type="PackedScene" uid="uid://dx8kqlfcrjr4w" path="res://assets/kv1 2.7.fbx" id="4_domdh"]

[node name="Node3D" type="Node3D"]

[node name="TrackCurve" type="Node3D" parent="."]
transform = Transform3D(0.999987, -0.00301885, 0.00404223, 0.00301593, 0.999995, 0.000726914, -0.00404441, -0.000714707, 0.999992, -0.621848, -0.65856, -1.48863)
script = ExtResource("1_mspuv")
trackPoints = PackedVector2Array(0.9, 0, 2.193, 0, 2.58649, -0.00958443, 2.715, 0.056, 2.968, 0.243, 3.05, 0.31, 3.06, 0.415, 3.04, 0.48, 2.935, 0.565, 2.29777, 0.573443, 0.637, 0.573, 0.158, 0.558, 0.032, 0.499, 0, 0.41, 0.025, 0.295, 0.11, 0.25, 0.53, 0.04)
trackLinkPrefab = ExtResource("2_lbhwl")
numberOfLinks = 69
linkOffset = 0.095
metadata/_custom_type_script = "uid://4lf5h3qnmt7k"

[node name="Camera3D" type="Camera3D" parent="."]
transform = Transform3D(0.42927, 0.152424, -0.890222, 0.00127696, 0.985553, 0.169362, 0.903175, -0.0738387, 0.422874, -2.05242, 0.472597, 0.97561)

[node name="DirectionalLight3D" type="DirectionalLight3D" parent="."]
transform = Transform3D(1, 0, 0, 0, 0.441772, 0.897127, 0, -0.897127, 0.441772, 0, 0, 0)

[node name="Node3D" type="Node3D" parent="." node_paths=PackedStringArray("leftTrack")]
script = ExtResource("3_lbhwl")
leftTrack = NodePath("../TrackCurve")
movementMultiplier = 0.05

[node name="kv1 2_7" parent="." instance=ExtResource("4_domdh")]
transform = Transform3D(-4.37114e-08, 0, 1, 0, 1, 0, -1, 0, -4.37114e-08, 0, 0, 0)
